(kicad_pcb (version 20171130) (host pcbnew 5.0-dev-unknown-28f1209~61~ubuntu16.04.1)

  (general
    (thickness 1.6)
    (drawings 32)
    (tracks 1022)
    (zones 0)
    (modules 109)
    (nets 161)
  )

  (page A4)
  (layers
    (0 F.Cu signal)
    (1 In1.Cu signal)
    (2 In2.Cu signal)
    (31 B.Cu signal)
    (32 B.Adhes user)
    (33 F.Adhes user)
    (34 B.Paste user)
    (35 F.Paste user)
    (36 B.SilkS user)
    (37 F.SilkS user)
    (38 B.Mask user)
    (39 F.Mask user)
    (40 Dwgs.User user)
    (41 Cmts.User user)
    (42 Eco1.User user)
    (43 Eco2.User user)
    (44 Edge.Cuts user)
    (45 Margin user)
    (46 B.CrtYd user)
    (47 F.CrtYd user)
    (48 B.Fab user)
    (49 F.Fab user)
  )

  (setup
    (last_trace_width 0.15)
    (trace_clearance 0.1)
    (zone_clearance 0.1524)
    (zone_45_only no)
    (trace_min 0.15)
    (segment_width 0.2)
    (edge_width 0.15)
    (via_size 0.5)
    (via_drill 0.4)
    (via_min_size 0.4)
    (via_min_drill 0.3)
    (uvia_size 0.3)
    (uvia_drill 0.1)
    (uvias_allowed no)
    (uvia_min_size 0.2)
    (uvia_min_drill 0.1)
    (pcb_text_width 0.3)
    (pcb_text_size 1.5 1.5)
    (mod_edge_width 0.15)
    (mod_text_size 1 1)
    (mod_text_width 0.15)
    (pad_size 1.524 1.524)
    (pad_drill 0.762)
    (pad_to_mask_clearance 0.2)
    (aux_axis_origin 0 0)
    (visible_elements FFFDFF7F)
    (pcbplotparams
      (layerselection 0x010fc_ffffffff)
      (usegerberextensions false)
      (usegerberattributes false)
      (usegerberadvancedattributes false)
      (creategerberjobfile false)
      (excludeedgelayer true)
      (linewidth 0.100000)
      (plotframeref false)
      (viasonmask false)
      (mode 1)
      (useauxorigin false)
      (hpglpennumber 1)
      (hpglpenspeed 20)
      (hpglpendiameter 15)
      (psnegative false)
      (psa4output false)
      (plotreference true)
      (plotvalue true)
      (plotinvisibletext false)
      (padsonsilk false)
      (subtractmaskfromsilk false)
      (outputformat 1)
      (mirror false)
      (drillshape 0)
      (scaleselection 1)
      (outputdirectory /home/letrend/workspace/roboy_crazyfly/grb/))
  )

  (net 0 "")
  (net 1 GND)
  (net 2 /MOTOR1)
  (net 3 /MOTOR2)
  (net 4 /MOTOR3)
  (net 5 /MOTOR4)
  (net 6 VCC)
  (net 7 /STM_NRST)
  (net 8 "Net-(C8-Pad1)")
  (net 9 "Net-(C9-Pad1)")
  (net 10 VCCA)
  (net 11 /pm_radio/VUSB)
  (net 12 VCCNRF)
  (net 13 "Net-(C16-Pad2)")
  (net 14 /pm_radio/VBAT_SINK)
  (net 15 /pm_radio/VBAT)
  (net 16 +BAT)
  (net 17 "Net-(C21-Pad1)")
  (net 18 "Net-(C22-Pad1)")
  (net 19 "Net-(C23-Pad1)")
  (net 20 VCOM)
  (net 21 "Net-(C25-Pad1)")
  (net 22 "Net-(C29-Pad1)")
  (net 23 "Net-(C30-Pad1)")
  (net 24 "Net-(C33-Pad1)")
  (net 25 "Net-(C33-Pad2)")
  (net 26 VFILT)
  (net 27 +BATT)
  (net 28 "Net-(D5-Pad2)")
  (net 29 "Net-(D6-Pad1)")
  (net 30 "Net-(D7-Pad1)")
  (net 31 "Net-(D8-Pad1)")
  (net 32 "Net-(D9-Pad1)")
  (net 33 "Net-(D10-Pad2)")
  (net 34 "Net-(L3-Pad1)")
  (net 35 "Net-(P1-Pad2)")
  (net 36 /VUSB)
  (net 37 "Net-(P1-Pad4)")
  (net 38 "Net-(P1-Pad3)")
  (net 39 /STM_SWIO)
  (net 40 /STM_SWCLK)
  (net 41 /NRF_SWCLK)
  (net 42 /NRF_SWIO)
  (net 43 /E_RX1)
  (net 44 /E_TX1)
  (net 45 /E_SDA)
  (net 46 /E_SCL)
  (net 47 /E_CS3)
  (net 48 /E_CS2)
  (net 49 /E_CS1)
  (net 50 /E_CS0)
  (net 51 /E_TX2)
  (net 52 /E_RX2)
  (net 53 /E_SCK)
  (net 54 /E_MISO)
  (net 55 /E_MOSI)
  (net 56 "Net-(D1-Pad2)")
  (net 57 "Net-(D2-Pad2)")
  (net 58 "Net-(D3-Pad2)")
  (net 59 "Net-(D4-Pad2)")
  (net 60 /STM_BOOT0)
  (net 61 /LED_BLUE_L)
  (net 62 /LED_RED_L)
  (net 63 /IMU_SDA)
  (net 64 /LED_GREEN_L)
  (net 65 /IMU_SCL)
  (net 66 /LED_RED_R)
  (net 67 /LED_GREEN_R)
  (net 68 /pm_radio/VEN_D)
  (net 69 /pm_radio/LED_BLUE)
  (net 70 /pm_radio/OW_PU)
  (net 71 /pm_radio/E_OW/WKUP)
  (net 72 "Net-(R17-Pad1)")
  (net 73 "Net-(R18-Pad1)")
  (net 74 /pm_radio/PM_ISET)
  (net 75 "Net-(R20-Pad1)")
  (net 76 "Net-(R21-Pad2)")
  (net 77 /pm_radio/STM_SWIO)
  (net 78 "Net-(R22-Pad2)")
  (net 79 "Net-(R24-Pad1)")
  (net 80 /pm_radio/SWITCH)
  (net 81 /MPU_FSYNC)
  (net 82 "Net-(U1-Pad5)")
  (net 83 "Net-(U1-Pad6)")
  (net 84 "Net-(U3-Pad7)")
  (net 85 "Net-(U3-Pad21)")
  (net 86 /pm_radio/PM_CHG)
  (net 87 /pm_radio/PM_PGOOD)
  (net 88 /pm_radio/PM_EN1)
  (net 89 /pm_radio/PM_EN2)
  (net 90 /pm_radio/PM_CHG_EN)
  (net 91 "Net-(U11-Pad4)")
  (net 92 "Net-(Q1-Pad2)")
  (net 93 "Net-(Q2-Pad2)")
  (net 94 "Net-(Q3-Pad2)")
  (net 95 "Net-(Q4-Pad2)")
  (net 96 GDN)
  (net 97 /STM_STO)
  (net 98 /E_NRF_IO2)
  (net 99 /E_NRF_IO1)
  (net 100 /E_OW/WKUP)
  (net 101 /V_COM_EXP)
  (net 102 /pm_radio/PA_RX_EN)
  (net 103 /MPU_INT)
  (net 104 "Net-(U1-Pad4)")
  (net 105 "Net-(U1-Pad14)")
  (net 106 /NRF_FLOW_CTRL)
  (net 107 "Net-(U1-Pad24)")
  (net 108 "Net-(U1-Pad25)")
  (net 109 "Net-(U1-Pad26)")
  (net 110 "Net-(U1-Pad27)")
  (net 111 "Net-(U1-Pad29)")
  (net 112 "Net-(U1-Pad33)")
  (net 113 "Net-(U1-Pad35)")
  (net 114 /NRF_RX)
  (net 115 /NRF_TX)
  (net 116 "Net-(U1-Pad39)")
  (net 117 "Net-(U1-Pad42)")
  (net 118 /STM_SW0)
  (net 119 "Net-(U3-Pad2)")
  (net 120 "Net-(U3-Pad3)")
  (net 121 "Net-(U3-Pad4)")
  (net 122 "Net-(U3-Pad5)")
  (net 123 "Net-(U3-Pad6)")
  (net 124 "Net-(U3-Pad12)")
  (net 125 "Net-(U3-Pad14)")
  (net 126 "Net-(U3-Pad15)")
  (net 127 "Net-(U3-Pad16)")
  (net 128 "Net-(U3-Pad17)")
  (net 129 "Net-(U3-Pad19)")
  (net 130 "Net-(U4-Pad7)")
  (net 131 "Net-(U5-Pad1)")
  (net 132 "Net-(U5-Pad2)")
  (net 133 /pm_radio/NRF_RX)
  (net 134 "Net-(U5-Pad12)")
  (net 135 /pm_radio/E_NRF_IO2)
  (net 136 /pm_radio/E_NRF_IO1)
  (net 137 /pm_radio/NRF_FLOW_CTRL)
  (net 138 "Net-(U5-Pad21)")
  (net 139 "Net-(U5-Pad22)")
  (net 140 /pm_radio/NRF_SWIO)
  (net 141 /pm_radio/NRF_SWCLK)
  (net 142 "Net-(U5-Pad26)")
  (net 143 /pm_radio/PA_TX_DIS)
  (net 144 "Net-(U5-Pad31)")
  (net 145 "Net-(U5-Pad32)")
  (net 146 "Net-(U5-Pad35)")
  (net 147 "Net-(U5-Pad36)")
  (net 148 /pm_radio/STM_NRST)
  (net 149 /pm_radio/STM_BOOT0)
  (net 150 "Net-(U5-Pad42)")
  (net 151 "Net-(U5-Pad45)")
  (net 152 "Net-(U5-Pad46)")
  (net 153 /pm_radio/STM_SWCLK)
  (net 154 /pm_radio/NRF_TX)
  (net 155 "Net-(U6-Pad11)")
  (net 156 "Net-(U8-Pad4)")
  (net 157 /pm_radio/VCOM_EXP)
  (net 158 "Net-(U11-Pad6)")
  (net 159 "Net-(U11-Pad13)")
  (net 160 "Net-(U7-Pad6)")

  (net_class Default "This is the default net class."
    (clearance 0.1)
    (trace_width 0.15)
    (via_dia 0.5)
    (via_drill 0.4)
    (uvia_dia 0.3)
    (uvia_drill 0.1)
    (add_net +BAT)
    (add_net +BATT)
    (add_net /E_CS0)
    (add_net /E_CS1)
    (add_net /E_CS2)
    (add_net /E_CS3)
    (add_net /E_MISO)
    (add_net /E_MOSI)
    (add_net /E_NRF_IO1)
    (add_net /E_NRF_IO2)
    (add_net /E_OW/WKUP)
    (add_net /E_RX1)
    (add_net /E_RX2)
    (add_net /E_SCK)
    (add_net /E_SCL)
    (add_net /E_SDA)
    (add_net /E_TX1)
    (add_net /E_TX2)
    (add_net /IMU_SCL)
    (add_net /IMU_SDA)
    (add_net /LED_BLUE_L)
    (add_net /LED_GREEN_L)
    (add_net /LED_GREEN_R)
    (add_net /LED_RED_L)
    (add_net /LED_RED_R)
    (add_net /MOTOR1)
    (add_net /MOTOR2)
    (add_net /MOTOR3)
    (add_net /MOTOR4)
    (add_net /MPU_FSYNC)
    (add_net /MPU_INT)
    (add_net /NRF_FLOW_CTRL)
    (add_net /NRF_RX)
    (add_net /NRF_SWCLK)
    (add_net /NRF_SWIO)
    (add_net /NRF_TX)
    (add_net /STM_BOOT0)
    (add_net /STM_NRST)
    (add_net /STM_STO)
    (add_net /STM_SW0)
    (add_net /STM_SWCLK)
    (add_net /STM_SWIO)
    (add_net /VUSB)
    (add_net /V_COM_EXP)
    (add_net /pm_radio/E_NRF_IO1)
    (add_net /pm_radio/E_NRF_IO2)
    (add_net /pm_radio/E_OW/WKUP)
    (add_net /pm_radio/LED_BLUE)
    (add_net /pm_radio/NRF_FLOW_CTRL)
    (add_net /pm_radio/NRF_RX)
    (add_net /pm_radio/NRF_SWCLK)
    (add_net /pm_radio/NRF_SWIO)
    (add_net /pm_radio/NRF_TX)
    (add_net /pm_radio/OW_PU)
    (add_net /pm_radio/PA_RX_EN)
    (add_net /pm_radio/PA_TX_DIS)
    (add_net /pm_radio/PM_CHG)
    (add_net /pm_radio/PM_CHG_EN)
    (add_net /pm_radio/PM_EN1)
    (add_net /pm_radio/PM_EN2)
    (add_net /pm_radio/PM_ISET)
    (add_net /pm_radio/PM_PGOOD)
    (add_net /pm_radio/STM_BOOT0)
    (add_net /pm_radio/STM_NRST)
    (add_net /pm_radio/STM_SWCLK)
    (add_net /pm_radio/STM_SWIO)
    (add_net /pm_radio/SWITCH)
    (add_net /pm_radio/VBAT)
    (add_net /pm_radio/VBAT_SINK)
    (add_net /pm_radio/VCOM_EXP)
    (add_net /pm_radio/VEN_D)
    (add_net /pm_radio/VUSB)
    (add_net GDN)
    (add_net GND)
    (add_net "Net-(C16-Pad2)")
    (add_net "Net-(C21-Pad1)")
    (add_net "Net-(C22-Pad1)")
    (add_net "Net-(C23-Pad1)")
    (add_net "Net-(C25-Pad1)")
    (add_net "Net-(C29-Pad1)")
    (add_net "Net-(C30-Pad1)")
    (add_net "Net-(C33-Pad1)")
    (add_net "Net-(C33-Pad2)")
    (add_net "Net-(C8-Pad1)")
    (add_net "Net-(C9-Pad1)")
    (add_net "Net-(D1-Pad2)")
    (add_net "Net-(D10-Pad2)")
    (add_net "Net-(D2-Pad2)")
    (add_net "Net-(D3-Pad2)")
    (add_net "Net-(D4-Pad2)")
    (add_net "Net-(D5-Pad2)")
    (add_net "Net-(D6-Pad1)")
    (add_net "Net-(D7-Pad1)")
    (add_net "Net-(D8-Pad1)")
    (add_net "Net-(D9-Pad1)")
    (add_net "Net-(L3-Pad1)")
    (add_net "Net-(P1-Pad2)")
    (add_net "Net-(P1-Pad3)")
    (add_net "Net-(P1-Pad4)")
    (add_net "Net-(Q1-Pad2)")
    (add_net "Net-(Q2-Pad2)")
    (add_net "Net-(Q3-Pad2)")
    (add_net "Net-(Q4-Pad2)")
    (add_net "Net-(R17-Pad1)")
    (add_net "Net-(R18-Pad1)")
    (add_net "Net-(R20-Pad1)")
    (add_net "Net-(R21-Pad2)")
    (add_net "Net-(R22-Pad2)")
    (add_net "Net-(R24-Pad1)")
    (add_net "Net-(U1-Pad14)")
    (add_net "Net-(U1-Pad24)")
    (add_net "Net-(U1-Pad25)")
    (add_net "Net-(U1-Pad26)")
    (add_net "Net-(U1-Pad27)")
    (add_net "Net-(U1-Pad29)")
    (add_net "Net-(U1-Pad33)")
    (add_net "Net-(U1-Pad35)")
    (add_net "Net-(U1-Pad39)")
    (add_net "Net-(U1-Pad4)")
    (add_net "Net-(U1-Pad42)")
    (add_net "Net-(U1-Pad5)")
    (add_net "Net-(U1-Pad6)")
    (add_net "Net-(U11-Pad13)")
    (add_net "Net-(U11-Pad4)")
    (add_net "Net-(U11-Pad6)")
    (add_net "Net-(U3-Pad12)")
    (add_net "Net-(U3-Pad14)")
    (add_net "Net-(U3-Pad15)")
    (add_net "Net-(U3-Pad16)")
    (add_net "Net-(U3-Pad17)")
    (add_net "Net-(U3-Pad19)")
    (add_net "Net-(U3-Pad2)")
    (add_net "Net-(U3-Pad21)")
    (add_net "Net-(U3-Pad3)")
    (add_net "Net-(U3-Pad4)")
    (add_net "Net-(U3-Pad5)")
    (add_net "Net-(U3-Pad6)")
    (add_net "Net-(U3-Pad7)")
    (add_net "Net-(U4-Pad7)")
    (add_net "Net-(U5-Pad1)")
    (add_net "Net-(U5-Pad12)")
    (add_net "Net-(U5-Pad2)")
    (add_net "Net-(U5-Pad21)")
    (add_net "Net-(U5-Pad22)")
    (add_net "Net-(U5-Pad26)")
    (add_net "Net-(U5-Pad31)")
    (add_net "Net-(U5-Pad32)")
    (add_net "Net-(U5-Pad35)")
    (add_net "Net-(U5-Pad36)")
    (add_net "Net-(U5-Pad42)")
    (add_net "Net-(U5-Pad45)")
    (add_net "Net-(U5-Pad46)")
    (add_net "Net-(U6-Pad11)")
    (add_net "Net-(U7-Pad6)")
    (add_net "Net-(U8-Pad4)")
    (add_net VCC)
    (add_net VCCA)
    (add_net VCCNRF)
    (add_net VCOM)
    (add_net VFILT)
  )

  (module Socket_Strips:Socket_Strip_Straight_1x06 (layer F.Cu) (tedit 0) (tstamp 5A8C7BB9)
    (at 127.6 99.6 135)
    (descr "Through hole socket strip")
    (tags "socket strip")
    (path /5A860CC9)
    (fp_text reference P3 (at -0.848528 2.262742 135) (layer F.SilkS)
      (effects (font (size 1 1) (thickness 0.15)))
    )
    (fp_text value CONN_01X06 (at 0 -3.1 135) (layer F.Fab)
      (effects (font (size 1 1) (thickness 0.15)))
    )
    (fp_line (start -1.75 -1.75) (end -1.75 1.75) (layer F.CrtYd) (width 0.05))
    (fp_line (start 14.45 -1.75) (end 14.45 1.75) (layer F.CrtYd) (width 0.05))
    (fp_line (start -1.75 -1.75) (end 14.45 -1.75) (layer F.CrtYd) (width 0.05))
    (fp_line (start -1.75 1.75) (end 14.45 1.75) (layer F.CrtYd) (width 0.05))
    (fp_line (start 1.27 1.27) (end 13.97 1.27) (layer F.SilkS) (width 0.15))
    (fp_line (start 13.97 1.27) (end 13.97 -1.27) (layer F.SilkS) (width 0.15))
    (fp_line (start 13.97 -1.27) (end 1.27 -1.27) (layer F.SilkS) (width 0.15))
    (fp_line (start -1.55 1.55) (end 0 1.550001) (layer F.SilkS) (width 0.15))
    (fp_line (start 1.27 1.27) (end 1.27 -1.27) (layer F.SilkS) (width 0.15))
    (fp_line (start 0 -1.550001) (end -1.55 -1.55) (layer F.SilkS) (width 0.15))
    (fp_line (start -1.55 -1.55) (end -1.55 1.55) (layer F.SilkS) (width 0.15))
    (pad 1 thru_hole rect (at 0 0 135) (size 1.7272 2.032) (drill 1.016) (layers *.Cu *.Mask F.SilkS)
      (net 97 /STM_STO))
    (pad 2 thru_hole oval (at 2.54 0 135) (size 1.7272 2.032) (drill 1.016) (layers *.Cu *.Mask F.SilkS)
      (net 7 /STM_NRST))
    (pad 3 thru_hole oval (at 5.079999 0 135) (size 1.7272 2.032) (drill 1.016) (layers *.Cu *.Mask F.SilkS)
      (net 39 /STM_SWIO))
    (pad 4 thru_hole oval (at 7.62 0 135) (size 1.7272 2.032) (drill 1.016) (layers *.Cu *.Mask F.SilkS)
      (net 1 GND))
    (pad 5 thru_hole oval (at 10.16 0 135) (size 1.7272 2.032) (drill 1.016) (layers *.Cu *.Mask F.SilkS)
      (net 40 /STM_SWCLK))
    (pad 6 thru_hole oval (at 12.7 0 135) (size 1.7272 2.032) (drill 1.016) (layers *.Cu *.Mask F.SilkS)
      (net 6 VCC))
    (model Socket_Strips.3dshapes/Socket_Strip_Straight_1x06.wrl
      (offset (xyz 6.349999904632568 0 0))
      (scale (xyz 1 1 1))
      (rotate (xyz 0 0 180))
    )
  )

  (module Capacitors_SMD:C_0402 (layer F.Cu) (tedit 5415D599) (tstamp 5A8C7A81)
    (at 137.025 81.4 270)
    (descr "Capacitor SMD 0402, reflow soldering, AVX (see smccp.pdf)")
    (tags "capacitor 0402")
    (path /5A86B0BA)
    (attr smd)
    (fp_text reference C1 (at 2.1 0.125 270) (layer F.SilkS)
      (effects (font (size 1 1) (thickness 0.15)))
    )
    (fp_text value 100n (at 0 1.7 270) (layer F.Fab)
      (effects (font (size 1 1) (thickness 0.15)))
    )
    (fp_line (start -1.15 -0.6) (end 1.15 -0.6) (layer F.CrtYd) (width 0.05))
    (fp_line (start -1.15 0.6) (end 1.15 0.6) (layer F.CrtYd) (width 0.05))
    (fp_line (start -1.15 -0.6) (end -1.15 0.6) (layer F.CrtYd) (width 0.05))
    (fp_line (start 1.15 -0.6) (end 1.15 0.6) (layer F.CrtYd) (width 0.05))
    (fp_line (start 0.25 -0.475) (end -0.25 -0.475) (layer F.SilkS) (width 0.15))
    (fp_line (start -0.25 0.475) (end 0.25 0.475) (layer F.SilkS) (width 0.15))
    (pad 1 smd rect (at -0.55 0 270) (size 0.6 0.5) (layers F.Cu F.Paste F.Mask)
      (net 6 VCC))
    (pad 2 smd rect (at 0.55 0 270) (size 0.6 0.5) (layers F.Cu F.Paste F.Mask)
      (net 1 GND))
    (model Capacitors_SMD.3dshapes/C_0402.wrl
      (at (xyz 0 0 0))
      (scale (xyz 1 1 1))
      (rotate (xyz 0 0 0))
    )
  )

  (module Capacitors_SMD:C_0402 (layer F.Cu) (tedit 5415D599) (tstamp 5A9EE99F)
    (at 151.25 96.9)
    (descr "Capacitor SMD 0402, reflow soldering, AVX (see smccp.pdf)")
    (tags "capacitor 0402")
    (path /5A86B1B2)
    (attr smd)
    (fp_text reference C2 (at 0.55 1.2) (layer F.SilkS)
      (effects (font (size 1 1) (thickness 0.15)))
    )
    (fp_text value 100n (at 0 1.7) (layer F.Fab)
      (effects (font (size 1 1) (thickness 0.15)))
    )
    (fp_line (start -1.15 -0.6) (end 1.15 -0.6) (layer F.CrtYd) (width 0.05))
    (fp_line (start -1.15 0.6) (end 1.15 0.6) (layer F.CrtYd) (width 0.05))
    (fp_line (start -1.15 -0.6) (end -1.15 0.6) (layer F.CrtYd) (width 0.05))
    (fp_line (start 1.15 -0.6) (end 1.15 0.6) (layer F.CrtYd) (width 0.05))
    (fp_line (start 0.25 -0.475) (end -0.25 -0.475) (layer F.SilkS) (width 0.15))
    (fp_line (start -0.25 0.475) (end 0.25 0.475) (layer F.SilkS) (width 0.15))
    (pad 1 smd rect (at -0.55 0) (size 0.6 0.5) (layers F.Cu F.Paste F.Mask)
      (net 6 VCC))
    (pad 2 smd rect (at 0.55 0) (size 0.6 0.5) (layers F.Cu F.Paste F.Mask)
      (net 1 GND))
    (model Capacitors_SMD.3dshapes/C_0402.wrl
      (at (xyz 0 0 0))
      (scale (xyz 1 1 1))
      (rotate (xyz 0 0 0))
    )
  )

  (module Capacitors_SMD:C_0402 (layer F.Cu) (tedit 5415D599) (tstamp 5A8C7A8D)
    (at 134.8 104.1)
    (descr "Capacitor SMD 0402, reflow soldering, AVX (see smccp.pdf)")
    (tags "capacitor 0402")
    (path /5A86B282)
    (attr smd)
    (fp_text reference C3 (at 0 -1.2) (layer F.SilkS)
      (effects (font (size 1 1) (thickness 0.15)))
    )
    (fp_text value 100n (at 0 1.7) (layer F.Fab)
      (effects (font (size 1 1) (thickness 0.15)))
    )
    (fp_line (start -1.15 -0.6) (end 1.15 -0.6) (layer F.CrtYd) (width 0.05))
    (fp_line (start -1.15 0.6) (end 1.15 0.6) (layer F.CrtYd) (width 0.05))
    (fp_line (start -1.15 -0.6) (end -1.15 0.6) (layer F.CrtYd) (width 0.05))
    (fp_line (start 1.15 -0.6) (end 1.15 0.6) (layer F.CrtYd) (width 0.05))
    (fp_line (start 0.25 -0.475) (end -0.25 -0.475) (layer F.SilkS) (width 0.15))
    (fp_line (start -0.25 0.475) (end 0.25 0.475) (layer F.SilkS) (width 0.15))
    (pad 1 smd rect (at -0.55 0) (size 0.6 0.5) (layers F.Cu F.Paste F.Mask)
      (net 6 VCC))
    (pad 2 smd rect (at 0.55 0) (size 0.6 0.5) (layers F.Cu F.Paste F.Mask)
      (net 1 GND))
    (model Capacitors_SMD.3dshapes/C_0402.wrl
      (at (xyz 0 0 0))
      (scale (xyz 1 1 1))
      (rotate (xyz 0 0 0))
    )
  )

  (module Capacitors_SMD:C_0402 (layer F.Cu) (tedit 5415D599) (tstamp 5A8C7A93)
    (at 124.1 87)
    (descr "Capacitor SMD 0402, reflow soldering, AVX (see smccp.pdf)")
    (tags "capacitor 0402")
    (path /5A86B348)
    (attr smd)
    (fp_text reference C4 (at 0 -1.7) (layer F.SilkS)
      (effects (font (size 1 1) (thickness 0.15)))
    )
    (fp_text value 100n (at 0 1.7) (layer F.Fab)
      (effects (font (size 1 1) (thickness 0.15)))
    )
    (fp_line (start -1.15 -0.6) (end 1.15 -0.6) (layer F.CrtYd) (width 0.05))
    (fp_line (start -1.15 0.6) (end 1.15 0.6) (layer F.CrtYd) (width 0.05))
    (fp_line (start -1.15 -0.6) (end -1.15 0.6) (layer F.CrtYd) (width 0.05))
    (fp_line (start 1.15 -0.6) (end 1.15 0.6) (layer F.CrtYd) (width 0.05))
    (fp_line (start 0.25 -0.475) (end -0.25 -0.475) (layer F.SilkS) (width 0.15))
    (fp_line (start -0.25 0.475) (end 0.25 0.475) (layer F.SilkS) (width 0.15))
    (pad 1 smd rect (at -0.55 0) (size 0.6 0.5) (layers F.Cu F.Paste F.Mask)
      (net 6 VCC))
    (pad 2 smd rect (at 0.55 0) (size 0.6 0.5) (layers F.Cu F.Paste F.Mask)
      (net 1 GND))
    (model Capacitors_SMD.3dshapes/C_0402.wrl
      (at (xyz 0 0 0))
      (scale (xyz 1 1 1))
      (rotate (xyz 0 0 0))
    )
  )

  (module Capacitors_SMD:C_0402 (layer B.Cu) (tedit 5415D599) (tstamp 5A8C7A99)
    (at 131.525 90.075 180)
    (descr "Capacitor SMD 0402, reflow soldering, AVX (see smccp.pdf)")
    (tags "capacitor 0402")
    (path /5A86B433)
    (attr smd)
    (fp_text reference C5 (at 0 1.7 180) (layer B.SilkS)
      (effects (font (size 1 1) (thickness 0.15)) (justify mirror))
    )
    (fp_text value 10n (at 0 -1.7 180) (layer B.Fab)
      (effects (font (size 1 1) (thickness 0.15)) (justify mirror))
    )
    (fp_line (start -1.15 0.6) (end 1.15 0.6) (layer B.CrtYd) (width 0.05))
    (fp_line (start -1.15 -0.6) (end 1.15 -0.6) (layer B.CrtYd) (width 0.05))
    (fp_line (start -1.15 0.6) (end -1.15 -0.6) (layer B.CrtYd) (width 0.05))
    (fp_line (start 1.15 0.6) (end 1.15 -0.6) (layer B.CrtYd) (width 0.05))
    (fp_line (start 0.25 0.475) (end -0.25 0.475) (layer B.SilkS) (width 0.15))
    (fp_line (start -0.25 -0.475) (end 0.25 -0.475) (layer B.SilkS) (width 0.15))
    (pad 1 smd rect (at -0.55 0 180) (size 0.6 0.5) (layers B.Cu B.Paste B.Mask)
      (net 6 VCC))
    (pad 2 smd rect (at 0.55 0 180) (size 0.6 0.5) (layers B.Cu B.Paste B.Mask)
      (net 1 GND))
    (model Capacitors_SMD.3dshapes/C_0402.wrl
      (at (xyz 0 0 0))
      (scale (xyz 1 1 1))
      (rotate (xyz 0 0 0))
    )
  )

  (module Capacitors_SMD:C_0402 (layer F.Cu) (tedit 5415D599) (tstamp 5A8C7A9F)
    (at 143.5 77.1 90)
    (descr "Capacitor SMD 0402, reflow soldering, AVX (see smccp.pdf)")
    (tags "capacitor 0402")
    (path /5A86B525)
    (attr smd)
    (fp_text reference C6 (at -0.1 1.2 90) (layer F.SilkS)
      (effects (font (size 1 1) (thickness 0.15)))
    )
    (fp_text value 1u (at 0 1.7 90) (layer F.Fab)
      (effects (font (size 1 1) (thickness 0.15)))
    )
    (fp_line (start -1.15 -0.6) (end 1.15 -0.6) (layer F.CrtYd) (width 0.05))
    (fp_line (start -1.15 0.6) (end 1.15 0.6) (layer F.CrtYd) (width 0.05))
    (fp_line (start -1.15 -0.6) (end -1.15 0.6) (layer F.CrtYd) (width 0.05))
    (fp_line (start 1.15 -0.6) (end 1.15 0.6) (layer F.CrtYd) (width 0.05))
    (fp_line (start 0.25 -0.475) (end -0.25 -0.475) (layer F.SilkS) (width 0.15))
    (fp_line (start -0.25 0.475) (end 0.25 0.475) (layer F.SilkS) (width 0.15))
    (pad 1 smd rect (at -0.55 0 90) (size 0.6 0.5) (layers F.Cu F.Paste F.Mask)
      (net 6 VCC))
    (pad 2 smd rect (at 0.55 0 90) (size 0.6 0.5) (layers F.Cu F.Paste F.Mask)
      (net 1 GND))
    (model Capacitors_SMD.3dshapes/C_0402.wrl
      (at (xyz 0 0 0))
      (scale (xyz 1 1 1))
      (rotate (xyz 0 0 0))
    )
  )

  (module Capacitors_SMD:C_0402 (layer F.Cu) (tedit 5415D599) (tstamp 5A8C7AA5)
    (at 127.675 95.775 90)
    (descr "Capacitor SMD 0402, reflow soldering, AVX (see smccp.pdf)")
    (tags "capacitor 0402")
    (path /5A85B7A4)
    (attr smd)
    (fp_text reference C7 (at 0 -1.7 90) (layer F.SilkS)
      (effects (font (size 1 1) (thickness 0.15)))
    )
    (fp_text value 100n (at 0 1.7 90) (layer F.Fab)
      (effects (font (size 1 1) (thickness 0.15)))
    )
    (fp_line (start -1.15 -0.6) (end 1.15 -0.6) (layer F.CrtYd) (width 0.05))
    (fp_line (start -1.15 0.6) (end 1.15 0.6) (layer F.CrtYd) (width 0.05))
    (fp_line (start -1.15 -0.6) (end -1.15 0.6) (layer F.CrtYd) (width 0.05))
    (fp_line (start 1.15 -0.6) (end 1.15 0.6) (layer F.CrtYd) (width 0.05))
    (fp_line (start 0.25 -0.475) (end -0.25 -0.475) (layer F.SilkS) (width 0.15))
    (fp_line (start -0.25 0.475) (end 0.25 0.475) (layer F.SilkS) (width 0.15))
    (pad 1 smd rect (at -0.55 0 90) (size 0.6 0.5) (layers F.Cu F.Paste F.Mask)
      (net 7 /STM_NRST))
    (pad 2 smd rect (at 0.55 0 90) (size 0.6 0.5) (layers F.Cu F.Paste F.Mask)
      (net 1 GND))
    (model Capacitors_SMD.3dshapes/C_0402.wrl
      (at (xyz 0 0 0))
      (scale (xyz 1 1 1))
      (rotate (xyz 0 0 0))
    )
  )

  (module Capacitors_SMD:C_0402 (layer B.Cu) (tedit 5415D599) (tstamp 5A8C7AAB)
    (at 143.325 77.15 90)
    (descr "Capacitor SMD 0402, reflow soldering, AVX (see smccp.pdf)")
    (tags "capacitor 0402")
    (path /5A85B8C5)
    (attr smd)
    (fp_text reference C8 (at 0 1.7 90) (layer B.SilkS)
      (effects (font (size 1 1) (thickness 0.15)) (justify mirror))
    )
    (fp_text value 4.7u (at 0 -1.7 90) (layer B.Fab)
      (effects (font (size 1 1) (thickness 0.15)) (justify mirror))
    )
    (fp_line (start -1.15 0.6) (end 1.15 0.6) (layer B.CrtYd) (width 0.05))
    (fp_line (start -1.15 -0.6) (end 1.15 -0.6) (layer B.CrtYd) (width 0.05))
    (fp_line (start -1.15 0.6) (end -1.15 -0.6) (layer B.CrtYd) (width 0.05))
    (fp_line (start 1.15 0.6) (end 1.15 -0.6) (layer B.CrtYd) (width 0.05))
    (fp_line (start 0.25 0.475) (end -0.25 0.475) (layer B.SilkS) (width 0.15))
    (fp_line (start -0.25 -0.475) (end 0.25 -0.475) (layer B.SilkS) (width 0.15))
    (pad 1 smd rect (at -0.55 0 90) (size 0.6 0.5) (layers B.Cu B.Paste B.Mask)
      (net 8 "Net-(C8-Pad1)"))
    (pad 2 smd rect (at 0.55 0 90) (size 0.6 0.5) (layers B.Cu B.Paste B.Mask)
      (net 1 GND))
    (model Capacitors_SMD.3dshapes/C_0402.wrl
      (at (xyz 0 0 0))
      (scale (xyz 1 1 1))
      (rotate (xyz 0 0 0))
    )
  )

  (module Capacitors_SMD:C_0402 (layer B.Cu) (tedit 5415D599) (tstamp 5A8C7AB1)
    (at 147.875 88.45)
    (descr "Capacitor SMD 0402, reflow soldering, AVX (see smccp.pdf)")
    (tags "capacitor 0402")
    (path /5A85B920)
    (attr smd)
    (fp_text reference C9 (at 0 1.7) (layer B.SilkS)
      (effects (font (size 1 1) (thickness 0.15)) (justify mirror))
    )
    (fp_text value 4.7u (at 0 -1.7) (layer B.Fab)
      (effects (font (size 1 1) (thickness 0.15)) (justify mirror))
    )
    (fp_line (start -1.15 0.6) (end 1.15 0.6) (layer B.CrtYd) (width 0.05))
    (fp_line (start -1.15 -0.6) (end 1.15 -0.6) (layer B.CrtYd) (width 0.05))
    (fp_line (start -1.15 0.6) (end -1.15 -0.6) (layer B.CrtYd) (width 0.05))
    (fp_line (start 1.15 0.6) (end 1.15 -0.6) (layer B.CrtYd) (width 0.05))
    (fp_line (start 0.25 0.475) (end -0.25 0.475) (layer B.SilkS) (width 0.15))
    (fp_line (start -0.25 -0.475) (end 0.25 -0.475) (layer B.SilkS) (width 0.15))
    (pad 1 smd rect (at -0.55 0) (size 0.6 0.5) (layers B.Cu B.Paste B.Mask)
      (net 9 "Net-(C9-Pad1)"))
    (pad 2 smd rect (at 0.55 0) (size 0.6 0.5) (layers B.Cu B.Paste B.Mask)
      (net 1 GND))
    (model Capacitors_SMD.3dshapes/C_0402.wrl
      (at (xyz 0 0 0))
      (scale (xyz 1 1 1))
      (rotate (xyz 0 0 0))
    )
  )

  (module Capacitors_SMD:C_0402 (layer F.Cu) (tedit 5415D599) (tstamp 5A8C7AB7)
    (at 140.5 79.25 180)
    (descr "Capacitor SMD 0402, reflow soldering, AVX (see smccp.pdf)")
    (tags "capacitor 0402")
    (path /5A85FCCB/5A870B2D)
    (attr smd)
    (fp_text reference C10 (at 0 1.15 180) (layer F.SilkS)
      (effects (font (size 1 1) (thickness 0.15)))
    )
    (fp_text value 100n (at 0 1.7 180) (layer F.Fab)
      (effects (font (size 1 1) (thickness 0.15)))
    )
    (fp_line (start -1.15 -0.6) (end 1.15 -0.6) (layer F.CrtYd) (width 0.05))
    (fp_line (start -1.15 0.6) (end 1.15 0.6) (layer F.CrtYd) (width 0.05))
    (fp_line (start -1.15 -0.6) (end -1.15 0.6) (layer F.CrtYd) (width 0.05))
    (fp_line (start 1.15 -0.6) (end 1.15 0.6) (layer F.CrtYd) (width 0.05))
    (fp_line (start 0.25 -0.475) (end -0.25 -0.475) (layer F.SilkS) (width 0.15))
    (fp_line (start -0.25 0.475) (end 0.25 0.475) (layer F.SilkS) (width 0.15))
    (pad 1 smd rect (at -0.55 0 180) (size 0.6 0.5) (layers F.Cu F.Paste F.Mask)
      (net 10 VCCA))
    (pad 2 smd rect (at 0.55 0 180) (size 0.6 0.5) (layers F.Cu F.Paste F.Mask)
      (net 1 GND))
    (model Capacitors_SMD.3dshapes/C_0402.wrl
      (at (xyz 0 0 0))
      (scale (xyz 1 1 1))
      (rotate (xyz 0 0 0))
    )
  )

  (module Capacitors_SMD:C_0402 (layer F.Cu) (tedit 5415D599) (tstamp 5A8C7ABD)
    (at 133 84.75 90)
    (descr "Capacitor SMD 0402, reflow soldering, AVX (see smccp.pdf)")
    (tags "capacitor 0402")
    (path /5A85FCCB/5A871C66)
    (attr smd)
    (fp_text reference C11 (at 0 -1.7 90) (layer F.SilkS)
      (effects (font (size 1 1) (thickness 0.15)))
    )
    (fp_text value 4.7u (at 0 1.7 90) (layer F.Fab)
      (effects (font (size 1 1) (thickness 0.15)))
    )
    (fp_line (start -1.15 -0.6) (end 1.15 -0.6) (layer F.CrtYd) (width 0.05))
    (fp_line (start -1.15 0.6) (end 1.15 0.6) (layer F.CrtYd) (width 0.05))
    (fp_line (start -1.15 -0.6) (end -1.15 0.6) (layer F.CrtYd) (width 0.05))
    (fp_line (start 1.15 -0.6) (end 1.15 0.6) (layer F.CrtYd) (width 0.05))
    (fp_line (start 0.25 -0.475) (end -0.25 -0.475) (layer F.SilkS) (width 0.15))
    (fp_line (start -0.25 0.475) (end 0.25 0.475) (layer F.SilkS) (width 0.15))
    (pad 1 smd rect (at -0.55 0 90) (size 0.6 0.5) (layers F.Cu F.Paste F.Mask)
      (net 10 VCCA))
    (pad 2 smd rect (at 0.55 0 90) (size 0.6 0.5) (layers F.Cu F.Paste F.Mask)
      (net 1 GND))
    (model Capacitors_SMD.3dshapes/C_0402.wrl
      (at (xyz 0 0 0))
      (scale (xyz 1 1 1))
      (rotate (xyz 0 0 0))
    )
  )

  (module Capacitors_SMD:C_0402 (layer F.Cu) (tedit 5A897A8D) (tstamp 5A8C7AC3)
    (at 140.5 80.75 180)
    (descr "Capacitor SMD 0402, reflow soldering, AVX (see smccp.pdf)")
    (tags "capacitor 0402")
    (path /5A85FCCB/5A870BBD)
    (attr smd)
    (fp_text reference C12 (at 2.1 -0.15 180) (layer F.SilkS)
      (effects (font (size 0.8 0.8) (thickness 0.15)))
    )
    (fp_text value 10n (at 0 1.7 180) (layer F.Fab)
      (effects (font (size 1 1) (thickness 0.15)))
    )
    (fp_line (start -1.15 -0.6) (end 1.15 -0.6) (layer F.CrtYd) (width 0.05))
    (fp_line (start -1.15 0.6) (end 1.15 0.6) (layer F.CrtYd) (width 0.05))
    (fp_line (start -1.15 -0.6) (end -1.15 0.6) (layer F.CrtYd) (width 0.05))
    (fp_line (start 1.15 -0.6) (end 1.15 0.6) (layer F.CrtYd) (width 0.05))
    (fp_line (start 0.25 -0.475) (end -0.25 -0.475) (layer F.SilkS) (width 0.15))
    (fp_line (start -0.25 0.475) (end 0.25 0.475) (layer F.SilkS) (width 0.15))
    (pad 1 smd rect (at -0.55 0 180) (size 0.6 0.5) (layers F.Cu F.Paste F.Mask)
      (net 10 VCCA))
    (pad 2 smd rect (at 0.55 0 180) (size 0.6 0.5) (layers F.Cu F.Paste F.Mask)
      (net 1 GND))
    (model Capacitors_SMD.3dshapes/C_0402.wrl
      (at (xyz 0 0 0))
      (scale (xyz 1 1 1))
      (rotate (xyz 0 0 0))
    )
  )

  (module Capacitors_SMD:C_0402 (layer F.Cu) (tedit 5415D599) (tstamp 5A8C7AC9)
    (at 131.5 84.75 90)
    (descr "Capacitor SMD 0402, reflow soldering, AVX (see smccp.pdf)")
    (tags "capacitor 0402")
    (path /5A85FCCB/5A871CB6)
    (attr smd)
    (fp_text reference C13 (at 0 -1.7 90) (layer F.SilkS)
      (effects (font (size 1 1) (thickness 0.15)))
    )
    (fp_text value 100n (at 0 1.7 90) (layer F.Fab)
      (effects (font (size 1 1) (thickness 0.15)))
    )
    (fp_line (start -1.15 -0.6) (end 1.15 -0.6) (layer F.CrtYd) (width 0.05))
    (fp_line (start -1.15 0.6) (end 1.15 0.6) (layer F.CrtYd) (width 0.05))
    (fp_line (start -1.15 -0.6) (end -1.15 0.6) (layer F.CrtYd) (width 0.05))
    (fp_line (start 1.15 -0.6) (end 1.15 0.6) (layer F.CrtYd) (width 0.05))
    (fp_line (start 0.25 -0.475) (end -0.25 -0.475) (layer F.SilkS) (width 0.15))
    (fp_line (start -0.25 0.475) (end 0.25 0.475) (layer F.SilkS) (width 0.15))
    (pad 1 smd rect (at -0.55 0 90) (size 0.6 0.5) (layers F.Cu F.Paste F.Mask)
      (net 10 VCCA))
    (pad 2 smd rect (at 0.55 0 90) (size 0.6 0.5) (layers F.Cu F.Paste F.Mask)
      (net 1 GND))
    (model Capacitors_SMD.3dshapes/C_0402.wrl
      (at (xyz 0 0 0))
      (scale (xyz 1 1 1))
      (rotate (xyz 0 0 0))
    )
  )

  (module Capacitors_SMD:C_0402 (layer F.Cu) (tedit 5415D599) (tstamp 5A8C7ACF)
    (at 140.5 82.25 180)
    (descr "Capacitor SMD 0402, reflow soldering, AVX (see smccp.pdf)")
    (tags "capacitor 0402")
    (path /5A85FCCB/5A870BE5)
    (attr smd)
    (fp_text reference C14 (at 0 -1.7 180) (layer F.SilkS)
      (effects (font (size 1 1) (thickness 0.15)))
    )
    (fp_text value 100n (at 0 1.7 180) (layer F.Fab)
      (effects (font (size 1 1) (thickness 0.15)))
    )
    (fp_line (start -1.15 -0.6) (end 1.15 -0.6) (layer F.CrtYd) (width 0.05))
    (fp_line (start -1.15 0.6) (end 1.15 0.6) (layer F.CrtYd) (width 0.05))
    (fp_line (start -1.15 -0.6) (end -1.15 0.6) (layer F.CrtYd) (width 0.05))
    (fp_line (start 1.15 -0.6) (end 1.15 0.6) (layer F.CrtYd) (width 0.05))
    (fp_line (start 0.25 -0.475) (end -0.25 -0.475) (layer F.SilkS) (width 0.15))
    (fp_line (start -0.25 0.475) (end 0.25 0.475) (layer F.SilkS) (width 0.15))
    (pad 1 smd rect (at -0.55 0 180) (size 0.6 0.5) (layers F.Cu F.Paste F.Mask)
      (net 10 VCCA))
    (pad 2 smd rect (at 0.55 0 180) (size 0.6 0.5) (layers F.Cu F.Paste F.Mask)
      (net 1 GND))
    (model Capacitors_SMD.3dshapes/C_0402.wrl
      (at (xyz 0 0 0))
      (scale (xyz 1 1 1))
      (rotate (xyz 0 0 0))
    )
  )

  (module Capacitors_SMD:C_0402 (layer F.Cu) (tedit 5415D599) (tstamp 5A8C7AD5)
    (at 134.4 92.7 270)
    (descr "Capacitor SMD 0402, reflow soldering, AVX (see smccp.pdf)")
    (tags "capacitor 0402")
    (path /5A868DDC/5A872A35)
    (attr smd)
    (fp_text reference C15 (at 0 -1.7 270) (layer F.SilkS)
      (effects (font (size 1 1) (thickness 0.15)))
    )
    (fp_text value 4.7u (at 0 1.7 270) (layer F.Fab)
      (effects (font (size 1 1) (thickness 0.15)))
    )
    (fp_line (start -1.15 -0.6) (end 1.15 -0.6) (layer F.CrtYd) (width 0.05))
    (fp_line (start -1.15 0.6) (end 1.15 0.6) (layer F.CrtYd) (width 0.05))
    (fp_line (start -1.15 -0.6) (end -1.15 0.6) (layer F.CrtYd) (width 0.05))
    (fp_line (start 1.15 -0.6) (end 1.15 0.6) (layer F.CrtYd) (width 0.05))
    (fp_line (start 0.25 -0.475) (end -0.25 -0.475) (layer F.SilkS) (width 0.15))
    (fp_line (start -0.25 0.475) (end 0.25 0.475) (layer F.SilkS) (width 0.15))
    (pad 1 smd rect (at -0.55 0 270) (size 0.6 0.5) (layers F.Cu F.Paste F.Mask)
      (net 11 /pm_radio/VUSB))
    (pad 2 smd rect (at 0.55 0 270) (size 0.6 0.5) (layers F.Cu F.Paste F.Mask)
      (net 1 GND))
    (model Capacitors_SMD.3dshapes/C_0402.wrl
      (at (xyz 0 0 0))
      (scale (xyz 1 1 1))
      (rotate (xyz 0 0 0))
    )
  )

  (module Capacitors_SMD:C_0402 (layer B.Cu) (tedit 5415D599) (tstamp 5A9EE970)
    (at 149.575 95.85 135)
    (descr "Capacitor SMD 0402, reflow soldering, AVX (see smccp.pdf)")
    (tags "capacitor 0402")
    (path /5A868DDC/5A88B0C8)
    (attr smd)
    (fp_text reference C16 (at 0 1.7 135) (layer B.SilkS)
      (effects (font (size 1 1) (thickness 0.15)) (justify mirror))
    )
    (fp_text value 100n (at 0 -1.7 135) (layer B.Fab)
      (effects (font (size 1 1) (thickness 0.15)) (justify mirror))
    )
    (fp_line (start -1.15 0.6) (end 1.15 0.6) (layer B.CrtYd) (width 0.05))
    (fp_line (start -1.15 -0.6) (end 1.15 -0.6) (layer B.CrtYd) (width 0.05))
    (fp_line (start -1.15 0.6) (end -1.15 -0.6) (layer B.CrtYd) (width 0.05))
    (fp_line (start 1.15 0.6) (end 1.15 -0.6) (layer B.CrtYd) (width 0.05))
    (fp_line (start 0.25 0.475) (end -0.25 0.475) (layer B.SilkS) (width 0.15))
    (fp_line (start -0.25 -0.475) (end 0.25 -0.475) (layer B.SilkS) (width 0.15))
    (pad 1 smd rect (at -0.55 0 135) (size 0.6 0.5) (layers B.Cu B.Paste B.Mask)
      (net 12 VCCNRF))
    (pad 2 smd rect (at 0.55 0 135) (size 0.6 0.5) (layers B.Cu B.Paste B.Mask)
      (net 13 "Net-(C16-Pad2)"))
    (model Capacitors_SMD.3dshapes/C_0402.wrl
      (at (xyz 0 0 0))
      (scale (xyz 1 1 1))
      (rotate (xyz 0 0 0))
    )
  )

  (module Capacitors_SMD:C_0402 (layer B.Cu) (tedit 5415D599) (tstamp 5A9EE9CD)
    (at 150.575 94.875 135)
    (descr "Capacitor SMD 0402, reflow soldering, AVX (see smccp.pdf)")
    (tags "capacitor 0402")
    (path /5A868DDC/5A88B12F)
    (attr smd)
    (fp_text reference C17 (at 0 1.7 135) (layer B.SilkS)
      (effects (font (size 1 1) (thickness 0.15)) (justify mirror))
    )
    (fp_text value 100n (at 0 -1.7 135) (layer B.Fab)
      (effects (font (size 1 1) (thickness 0.15)) (justify mirror))
    )
    (fp_line (start -1.15 0.6) (end 1.15 0.6) (layer B.CrtYd) (width 0.05))
    (fp_line (start -1.15 -0.6) (end 1.15 -0.6) (layer B.CrtYd) (width 0.05))
    (fp_line (start -1.15 0.6) (end -1.15 -0.6) (layer B.CrtYd) (width 0.05))
    (fp_line (start 1.15 0.6) (end 1.15 -0.6) (layer B.CrtYd) (width 0.05))
    (fp_line (start 0.25 0.475) (end -0.25 0.475) (layer B.SilkS) (width 0.15))
    (fp_line (start -0.25 -0.475) (end 0.25 -0.475) (layer B.SilkS) (width 0.15))
    (pad 1 smd rect (at -0.55 0 135) (size 0.6 0.5) (layers B.Cu B.Paste B.Mask)
      (net 12 VCCNRF))
    (pad 2 smd rect (at 0.55 0 135) (size 0.6 0.5) (layers B.Cu B.Paste B.Mask)
      (net 13 "Net-(C16-Pad2)"))
    (model Capacitors_SMD.3dshapes/C_0402.wrl
      (at (xyz 0 0 0))
      (scale (xyz 1 1 1))
      (rotate (xyz 0 0 0))
    )
  )

  (module Capacitors_SMD:C_0402 (layer B.Cu) (tedit 5415D599) (tstamp 5A8C7AE7)
    (at 147.575 97.825 135)
    (descr "Capacitor SMD 0402, reflow soldering, AVX (see smccp.pdf)")
    (tags "capacitor 0402")
    (path /5A868DDC/5A88B225)
    (attr smd)
    (fp_text reference C18 (at 0 1.7 135) (layer B.SilkS)
      (effects (font (size 1 1) (thickness 0.15)) (justify mirror))
    )
    (fp_text value 100n (at 0 -1.7 135) (layer B.Fab)
      (effects (font (size 1 1) (thickness 0.15)) (justify mirror))
    )
    (fp_line (start -1.15 0.6) (end 1.15 0.6) (layer B.CrtYd) (width 0.05))
    (fp_line (start -1.15 -0.6) (end 1.15 -0.6) (layer B.CrtYd) (width 0.05))
    (fp_line (start -1.15 0.6) (end -1.15 -0.6) (layer B.CrtYd) (width 0.05))
    (fp_line (start 1.15 0.6) (end 1.15 -0.6) (layer B.CrtYd) (width 0.05))
    (fp_line (start 0.25 0.475) (end -0.25 0.475) (layer B.SilkS) (width 0.15))
    (fp_line (start -0.25 -0.475) (end 0.25 -0.475) (layer B.SilkS) (width 0.15))
    (pad 1 smd rect (at -0.55 0 135) (size 0.6 0.5) (layers B.Cu B.Paste B.Mask)
      (net 12 VCCNRF))
    (pad 2 smd rect (at 0.55 0 135) (size 0.6 0.5) (layers B.Cu B.Paste B.Mask)
      (net 13 "Net-(C16-Pad2)"))
    (model Capacitors_SMD.3dshapes/C_0402.wrl
      (at (xyz 0 0 0))
      (scale (xyz 1 1 1))
      (rotate (xyz 0 0 0))
    )
  )

  (module Capacitors_SMD:C_0402 (layer F.Cu) (tedit 5415D599) (tstamp 5A8C7AED)
    (at 141.175 89.575)
    (descr "Capacitor SMD 0402, reflow soldering, AVX (see smccp.pdf)")
    (tags "capacitor 0402")
    (path /5A868DDC/5A8881C0)
    (attr smd)
    (fp_text reference C19 (at 0.025 -1.175) (layer F.SilkS)
      (effects (font (size 1 1) (thickness 0.15)))
    )
    (fp_text value 100n (at 0 1.7) (layer F.Fab)
      (effects (font (size 1 1) (thickness 0.15)))
    )
    (fp_line (start -1.15 -0.6) (end 1.15 -0.6) (layer F.CrtYd) (width 0.05))
    (fp_line (start -1.15 0.6) (end 1.15 0.6) (layer F.CrtYd) (width 0.05))
    (fp_line (start -1.15 -0.6) (end -1.15 0.6) (layer F.CrtYd) (width 0.05))
    (fp_line (start 1.15 -0.6) (end 1.15 0.6) (layer F.CrtYd) (width 0.05))
    (fp_line (start 0.25 -0.475) (end -0.25 -0.475) (layer F.SilkS) (width 0.15))
    (fp_line (start -0.25 0.475) (end 0.25 0.475) (layer F.SilkS) (width 0.15))
    (pad 1 smd rect (at -0.55 0) (size 0.6 0.5) (layers F.Cu F.Paste F.Mask)
      (net 14 /pm_radio/VBAT_SINK))
    (pad 2 smd rect (at 0.55 0) (size 0.6 0.5) (layers F.Cu F.Paste F.Mask)
      (net 15 /pm_radio/VBAT))
    (model Capacitors_SMD.3dshapes/C_0402.wrl
      (at (xyz 0 0 0))
      (scale (xyz 1 1 1))
      (rotate (xyz 0 0 0))
    )
  )

  (module Capacitors_SMD:C_0402 (layer F.Cu) (tedit 5A897A02) (tstamp 5A9EEB30)
    (at 140 96.5 270)
    (descr "Capacitor SMD 0402, reflow soldering, AVX (see smccp.pdf)")
    (tags "capacitor 0402")
    (path /5A868DDC/5A872F73)
    (attr smd)
    (fp_text reference C20 (at 2.1 0.6 270) (layer F.SilkS)
      (effects (font (size 0.8 0.8) (thickness 0.15)))
    )
    (fp_text value 22u (at 0 1.7 270) (layer F.Fab)
      (effects (font (size 1 1) (thickness 0.15)))
    )
    (fp_line (start -1.15 -0.6) (end 1.15 -0.6) (layer F.CrtYd) (width 0.05))
    (fp_line (start -1.15 0.6) (end 1.15 0.6) (layer F.CrtYd) (width 0.05))
    (fp_line (start -1.15 -0.6) (end -1.15 0.6) (layer F.CrtYd) (width 0.05))
    (fp_line (start 1.15 -0.6) (end 1.15 0.6) (layer F.CrtYd) (width 0.05))
    (fp_line (start 0.25 -0.475) (end -0.25 -0.475) (layer F.SilkS) (width 0.15))
    (fp_line (start -0.25 0.475) (end 0.25 0.475) (layer F.SilkS) (width 0.15))
    (pad 1 smd rect (at -0.55 0 270) (size 0.6 0.5) (layers F.Cu F.Paste F.Mask)
      (net 16 +BAT))
    (pad 2 smd rect (at 0.55 0 270) (size 0.6 0.5) (layers F.Cu F.Paste F.Mask)
      (net 1 GND))
    (model Capacitors_SMD.3dshapes/C_0402.wrl
      (at (xyz 0 0 0))
      (scale (xyz 1 1 1))
      (rotate (xyz 0 0 0))
    )
  )

  (module Capacitors_SMD:C_0402 (layer F.Cu) (tedit 5415D599) (tstamp 5A8C7AF9)
    (at 152.4 92.8)
    (descr "Capacitor SMD 0402, reflow soldering, AVX (see smccp.pdf)")
    (tags "capacitor 0402")
    (path /5A868DDC/5A87DD95)
    (attr smd)
    (fp_text reference C21 (at 1.8 0 90) (layer F.SilkS)
      (effects (font (size 1 1) (thickness 0.15)))
    )
    (fp_text value 47n (at 0 1.7) (layer F.Fab)
      (effects (font (size 1 1) (thickness 0.15)))
    )
    (fp_line (start -1.15 -0.6) (end 1.15 -0.6) (layer F.CrtYd) (width 0.05))
    (fp_line (start -1.15 0.6) (end 1.15 0.6) (layer F.CrtYd) (width 0.05))
    (fp_line (start -1.15 -0.6) (end -1.15 0.6) (layer F.CrtYd) (width 0.05))
    (fp_line (start 1.15 -0.6) (end 1.15 0.6) (layer F.CrtYd) (width 0.05))
    (fp_line (start 0.25 -0.475) (end -0.25 -0.475) (layer F.SilkS) (width 0.15))
    (fp_line (start -0.25 0.475) (end 0.25 0.475) (layer F.SilkS) (width 0.15))
    (pad 1 smd rect (at -0.55 0) (size 0.6 0.5) (layers F.Cu F.Paste F.Mask)
